0.000004
0.000000
0.000000
0.000004
0.000008
0.000016
0.000016
0.000008
0.000016
0.000008
0.000008
0.000028
0.000028
0.000028
0.000036
0.000056
0.000044
0.000096
0.000076
0.000100
0.000112
0.000144
0.000160
0.000232
0.000220
0.000200
0.000312
0.000372
0.000392
0.000400
0.000516
0.000640
0.000660
0.000744
0.000884
0.000980
0.000996
0.001076
0.001396
0.001432
0.001672
0.001728
0.002068
0.002220
0.002404
0.002600
0.002960
0.003144
0.003508
0.003720
0.004204
0.004472
0.004656
0.004996
0.005380
0.005900
0.006236
0.006424
0.006880
0.007172
0.007408
0.007632
0.008268
0.008604
0.009088
0.008992
0.009236
0.009544
0.009760
0.010296
0.010320
0.010504
0.010752
0.010848
0.010508
0.010616
0.010584
0.010396
0.010556
0.010088
0.010436
0.010532
0.010416
0.010068
0.010044
0.009752
0.009300
0.009324
0.008768
0.008684
0.008164
0.007780
0.007336
0.007128
0.006476
0.006124
0.005916
0.005664
0.004948
0.004788
0.004704
0.004180
0.004160
0.003432
0.003364
0.002928
0.002840
0.002444
0.002356
0.002320
0.001932
0.001772
0.001560
0.001428
0.001200
0.001112
0.000980
0.000940
0.000764
0.000696
0.000696
0.000664
0.000472
0.000456
0.000376
0.000316
0.000440
0.000344
0.000332
0.000328
0.000324
0.000332
0.000408
0.000436
0.000352
0.000452
0.000456
0.000604
0.000696
0.000808
0.000920
0.000900
0.001160
0.001228
0.001388
0.001528
0.001844
0.001936
0.001944
0.002504
0.002468
0.002768
0.003100
0.003336
0.003756
0.004024
0.004152
0.004952
0.005024
0.005300
0.005916
0.006040
0.006840
0.007160
0.007224
0.007636
0.008184
0.008468
0.008608
0.009188
0.009460
0.009924
0.010208
0.010260
0.010584
0.010836
0.011192
0.011000
0.011680
0.011492
0.011160
0.011284
0.011524
0.011316
0.011408
0.010856
0.011212
0.010360
0.010612
0.009900
0.009712
0.008908
0.009156
0.008772
0.008608
0.007744
0.007696
0.006916
0.006888
0.006580
0.006192
0.005804
0.005348
0.004968
0.004588
0.004072
0.003800
0.003580
0.003348
0.002980
0.002536
0.002388
0.002104
0.001924
0.001876
0.001632
0.001384
0.001336
0.001208
0.001024
0.000904
0.000780
0.000604
0.000552
0.000556
0.000408
0.000376
0.000336
0.000284
0.000244
0.000168
0.000144
0.000148
0.000160
0.000128
0.000084
0.000060
0.000076
0.000040
0.000060
0.000032
0.000020
0.000052
0.000024
0.000008
0.000024
0.000004
0.000008
0.000012
0.000004
0.000000
0.000008
0.000008
0.000000
0.000000
0.000004
